0
0
0
0
0
0
0
0
0
0
0
0
0
0
0
0
0
0
0
0
0
0
0
0
0
0
0
0
0
0
0
0
0
0
0
0
0
0
258
255
255
256
256
255
253
252
252
251
251
250
250
249
249
248
247
247
247
247
247
247
247
247
247
247
247
247
247
247
247
247
247
247
247
247
247
247
247
247
247
247
247
248
248
248
248
248
248
248
248
248
248
248
248
248
248
248
248
248
248
248
248
248
248
248
248
248
248
248
248
248
248
248
248
248
248
248
248
248
248
248
248
248
248
0
248
248
249
249
249
249
249
249
249
249
250
250
250
250
250
250
250
250
250
250
250
250
250
250
250
250
250
250
250
250
250
250
250
250
250
250
250
250
250
250
250
251
251
251
251
251
251
251
251
251
251
251
251
251
251
251
251
251
251
251
251
251
251
251
251
251
251
251
251
252
252
252
252
252
252
252
252
253
253
253
253
253
253
253
253
253
253
253
253
253
253
253
253
253
254
254
254
254
254
254
255
255
255
255
256
256
256
257
258
258
258
259
259
260
260
261
262
263
264
264
265
266
266
0
267
267
266
268
269
269
270
270
271
271
271
272
272
272
272
272
272
272
273
273
273
273
272
272
272
272
272
272
272
272
272
272
271
271
271
270
269
269
268
268
267
267
265
264
264
264
263
262
262
261
260
260
260
259
259
259
259
259
259
258
258
257
257
257
257
257
258
258
258
258
258
258
258
258
258
258
258
258
259
259
258
258
258
258
258
258
258
258
258
258
258
258
258
258
258
258
258
258
258
258
258
258
258
258
258
258
258
258
258
258
259
259
259
259
259
259
259
259
260
260
260
260
261
261
261
262
262
262
262
262
262
262
262
262
262
258
258
257
257
255
254
252
252
251
250
248
247
246
246
245
245
245
244
243
243
243
243
243
242
242
242
242
242
242
242
242
243
243
243
243
243
243
244
244
244
244
244
244
244
244
244
243
243
243
243
243
242
242
242
242
242
242
242
242
242
242
242
242
242
242
242
242
243
243
243
243
243
243
243
243
244
244
244
244
244
244
244
244
244
244
244
244
244
244
244
244
244
245
245
245
246
246
246
246
246
245
245
245
245
245
245
244
0
243
0
241
0
241
240
240
240
240
240
239
239
239
238
0
238
0
238
0
238
238
240
240
240
242
242
242
242
244
244
244
245
246
246
248
248
249
249
249
249
249
249
249
249
249
249
249
249
249
249
249
249
249
249
249
249
249
249
249
249
249
250
250
250
250
250
250
250
251
251
251
251
251
251
251
251
251
252
253
253
254
254
255
255
256
257
257
257
258
259
260
260
261
261
262
262
263
264
266
266
266
267
267
267
268
268
269
270
271
272
273
274
275
276
277
278
280
281
282
282
283
284
285
286
286
287
288
288
289
289
289
289
290
290
290
290
290
290
290
290
290
290
290
290
290
290
290
290
290
290
290
290
290
290
291
291
291
291
291
291
291
291
291
291
291
291
291
291
291
291
291
291
291
292
292
292
292
292
292
293
293
293
293
293
293
293
293
293
293
293
294
294
294
293
293
294
294
294
294
294
294
295
295
295
295
295
295
295
295
295
295
295
295
296
296
296
297
298
299
300
301
301
302
303
305
307
309
310
310
312
313
315
317
318
318
320
322
324
326
327
328
331
332
334
336
337
340
341
342
345
347
348
349
350
352
354
357
359
359
362
364
366
368
371
371
373
375
377
379
381
383
384
386
388
390
391
392
394
396
397
400
402
402
404
406
408
409
409
411
413
415
417
419
419
422
423
424
425
427
428
429
430
432
434
436
436
436
438
440
440
442
443
444
444
445
446
447
447
449
450
450
451
451
452
453
453
453
454
454
454
454
454
454
454
454
454
454
454
455
455
455
455
454
454
454
454
454
454
454
454
454
454
455
455
455
455
456
456
456
456
457
457
457
457
457
457
457
458
458
458
459
459
459
459
459
459
459
460
460
460
460
460
460
460
460
460
461
461
461
461
461
461
461
461
461
461
461
461
460
460
459
459
459
458
457
455
453
452
451
450
447
445
443
442
440
438
434
433
431
429
427
426
424
423
420
419
417
416
414
413
410
409
407
405
404
403
401
401
398
397
397
395
393
392
391
390
390
389
388
387
387
386
385
385
384
384
383
383
383
383
383
383
383
383
383
383
383
383
383
383
383
383
383
383
0
382
382
380
0
380
380
378
0
378
377
377
377
376
375
0
374
374
374
0
373
373
372
0
372
372
372
371
371
371
0
370
369
367
0
368
367
364
0
363
362
362
361
359
355
0
354
353
351
0
350
349
347
0
346
345
344
344
343
342
342
341
340
339
339
339
339
338
338
338
338
338
337
336
332
324
315
315
310
304
299
295
293
293
293
293
293
293
293
293
292
292
292
291
291
291
290
290
290
290
289
289
289
289
288
288
288
288
287
287
287
287
286
286
286
285
285
285
284
284
284
283
282
282
281
281
281
280
280
280
279
279
278
278
278
278
277
277
276
276
275
275
274
273
273
272
272
271
271
270
270
269
268
268
267
267
266
266
265
265
264
264
263
261
259
255
252
252
252
252
252
252
252
252
251
251
250
250
250
249
249
249
248
248
248
248
248
248
248
247
247
247
247
247
247
247
247
247
246
246
246
245
245
245
245
244
244
244
244
243
243
244
245
247
251
251
263
263
269
275
282
282
288
294
299
303
305
305
306
306
306
306
306
306
306
306
306
306
306
306
306
306
305
305
305
305
305
305
304
304
304
304
304
304
304
304
304
303
303
303
303
304
303
303
303
303
303
303
303
304
304
304
305
305
305
306
306
306
306
306
306
306
306
306
307
307
307
307
307
307
307
307
307
307
307
308
308
308
308
308
308
308
308
308
308
308
309
309
309
309
309
309
310
310
310
310
310
310
310
310
310
310
310
310
311
311
311
311
311
312
312
312
312
312
312
312
313
313
313
313
313
313
313
314
314
314
314
314
314
314
314
315
315
315
315
315
315
315
315
315
315
315
316
316
316
316
316
316
316
316
316
316
316
317
317
317
317
317
317
317
317
317
318
318
318
318
319
319
319
319
319
320
321
322
322
324
325
326
326
327
328
329
329
330
330
331
331
331
332
332
331
331
331
331
330
330
329
328
327
326
325
325
325
325
325
326
326
327
327
329
330
331
331
333
334
335
336
337
338
338
339
340
340
341
341
342
342
343
343
343
344
344
344
344
344
344
345
345
346
346
347
347
348
348
349
350
351
351
352
353
353
354
355
355
355
355
355
354
354
354
353
352
352
350
349
348
348
347
347
346
346
346
346
346
346
347
348
348
349
350
351
353
354
355
356
357
358
359
360
361
363
363
364
365
366
368
369
369
371
372
372
373
374
376
378
378
379
380
381
382
383
385
385
386
386
387
388
388
389
389
389
388
388
388
387
386
385
384
383
382
380
380
379
377
376
374
373
372
370
369
369
368
367
366
366
365
364
363
362
362
361
360
359
358
357
356
355
354
354
353
352
351
351
350
350
350
349
348
348
348
347
346
346
346
345
344
343
342
341
340
339
339
338
337
336
336
335
334
334
334
333
333
333
332
332
332
332
332
332
332
332
333
333
333
333
333
333
333
333
333
333
333
333
333
333
333
333
333
332
332
332
332
332
332
332
332
332
331
331
330
326
318
312
309
309
306
304
305
307
307
308
308
308
308
308
308
308
309
309
309
310
310
310
311
311
311
311
312
312
312
312
312
312
313
313
313
313
313
313
313
313
313
313
313
313
313
312
312
312
312
312
311
311
311
311
311
310
310
310
310
310
310
310
310
310
310
310
310
310
310
310
308
307
302
297
297
293
291
289
290
290
290
291
291
291
291
290
290
290
290
290
290
290
290
290
290
290
290
290
290
290
290
290
290
290
290
290
290
290
290
290
290
290
291
290
290
291
291
291
291
291
291
291
291
291
292
292
292
293
293
293
294
294
294
295
295
294
293
289
284
280
280
272
272
267
264
0
0
0
0
0
0
0
205
204
202
0
197
192
190
0
0
0
0
0
0
0
174
174
0
172
0
0
0
169
0
0
0
0
0
0
0
0
0
0
0
0
0
0
0
0
0
0
0
0
0
0
0
205
0
226
234
243
242
250
258
267
275
275
283
291
299
306
307
314
322
330
338
348
348
356
365
381
381
389
396
403
403
410
415
421
427
433
433
437
442
445
445
451
454
455
458
461
461
463
466
468
470
471
471
471
472
474
466
466
466
456
446
440
434
429
421
415
412
410
409
407
407
401
391
383
374
365
365
357
349
341
334
326
319
313
312
306
300
296
295
288
288
286
286
286
285
286
286
285
285
284
284
284
284
284
284
284
284
284
284
284
285
0
285
286
286
286
287
288
288
0
288
289
289
289
289
289
0
289
289
289
289
289
289
290
0
290
290
290
290
290
290
0
290
291
291
291
291
291
292
0
292
292
292
293
293
293
0
293
294
294
295
295
296
296
0
296
297
297
297
298
298
0
299
299
300
300
301
304
305
0
306
307
311
0
0
0
0
0
