0
0
0
0
0
0
0
0
0
0
0
0
0
0
0
0
0
0
0
0
0
0
0
0
0
427
0
0
0
0
0
0
471
0
0
0
255
254
255
257
255
255
249
253
252
248
249
250
251
246
248
249
247
245
245
247
245
245
247
246
245
245
247
184
185
185
246
184
184
407
184
184
185
246
185
184
246
184
184
184
246
185
185
185
185
185
185
246
185
185
185
185
185
246
246
185
400
185
185
185
247
185
185
396
185
185
185
247
185
185
185
185
185
185
247
186
186
186
186
186
247
186
186
247
186
186
186
247
186
186
0
186
186
186
247
186
186
186
186
186
187
247
187
187
187
187
187
247
187
187
0
187
187
187
247
187
187
0
187
187
187
247
187
187
187
187
187
187
248
187
248
187
187
187
248
187
187
0
188
188
188
248
188
188
248
188
188
188
248
188
188
188
188
188
188
249
189
189
189
189
189
250
189
189
0
189
189
189
250
189
189
0
189
189
189
250
190
190
190
190
190
190
252
191
191
191
191
191
254
192
193
256
194
194
195
257
196
196
0
197
198
198
262
200
201
202
202
265
203
266
204
204
205
206
206
269
207
207
0
208
208
208
270
208
208
0
209
209
209
271
209
209
209
209
209
209
271
209
209
209
209
209
270
209
208
0
208
207
207
264
206
206
260
205
205
204
260
203
203
203
203
203
202
257
202
202
201
201
201
255
201
201
0
201
201
201
255
201
201
0
201
201
201
256
201
201
201
201
201
201
256
201
201
201
201
201
256
201
201
256
201
201
201
256
201
201
0
202
202
202
256
202
202
202
202
202
202
257
202
202
202
203
203
258
203
203
0
204
204
204
259
205
205
260
205
205
206
261
206
206
0
205
206
203
257
202
202
201
201
200
250
199
199
247
198
198
197
244
196
196
0
195
195
195
241
194
194
240
194
194
194
240
194
194
194
194
194
240
194
194
241
194
194
194
242
195
195
0
195
195
195
241
195
195
0
195
195
195
240
195
195
195
195
195
240
195
195
0
195
195
195
241
195
195
0
195
196
196
241
196
196
196
196
196
196
242
196
196
197
197
197
242
197
197
0
197
197
198
243
198
198
244
198
198
198
243
198
198
198
197
0
197
0
197
0
196
196
196
239
196
196
196
196
196
196
0
196
0
196
0
197
197
240
197
198
198
198
199
199
244
200
200
201
201
201
247
202
202
248
202
203
203
248
203
203
0
203
203
203
248
203
203
0
204
204
204
248
204
204
204
204
204
248
204
204
0
204
204
204
249
205
205
0
205
205
205
250
205
206
206
207
207
208
253
209
210
210
211
211
257
212
214
0
214
215
216
261
216
218
0
219
219
220
266
220
221
221
221
222
223
270
223
224
225
225
225
276
227
228
279
228
229
230
282
231
232
0
233
234
234
287
235
235
235
235
236
236
288
236
236
236
236
236
288
236
236
288
236
236
237
288
237
237
0
237
237
237
289
237
237
237
237
237
237
289
237
237
237
237
237
290
238
238
0
238
238
238
290
238
238
290
239
239
239
291
239
239
0
239
239
239
292
239
239
240
240
240
292
240
240
240
240
240
240
293
240
241
0
241
241
241
293
241
241
242
242
242
242
296
244
244
245
246
246
301
247
248
249
250
250
251
311
253
254
0
255
257
258
323
260
260
261
262
263
265
335
266
268
269
270
271
346
273
273
0
276
277
278
338
279
281
0
283
284
285
350
286
287
288
289
290
291
0
292
293
294
295
295
0
297
298
299
300
300
301
0
302
303
0
304
304
305
0
306
306
307
307
307
307
0
307
307
307
306
306
0
306
306
0
294
294
294
0
284
282
0
281
280
279
0
277
277
0
277
277
277
0
278
278
278
278
279
0
279
279
0
281
282
283
0
284
284
0
285
285
285
0
286
287
0
287
287
287
0
288
288
288
288
289
0
289
289
0
290
290
290
0
292
292
0
293
293
293
0
293
294
294
294
294
294
0
295
295
295
295
296
0
296
297
0
297
297
297
0
298
298
0
299
301
311
0
312
312
312
326
327
328
0
329
330
331
331
331
0
331
331
330
330
330
329
0
328
327
0
326
325
324
0
323
323
322
322
321
320
0
319
319
318
318
317
0
316
315
0
314
314
313
371
312
312
0
311
311
310
363
310
310
309
309
309
309
361
309
309
309
309
308
361
308
308
308
308
308
308
307
0
307
360
305
0
305
373
303
0
0
302
301
301
371
300
368
299
299
298
0
298
297
297
0
296
296
366
296
295
295
0
295
293
292
361
292
0
290
0
287
345
286
285
283
280
334
346
277
277
0
274
273
272
0
271
270
0
268
267
267
330
265
265
338
264
263
263
332
263
263
263
263
262
335
259
255
0
252
249
245
297
239
238
0
237
237
237
291
236
236
236
236
236
235
289
235
235
234
234
233
287
0
233
0
233
232
232
286
232
231
285
231
231
230
284
230
229
0
228
228
228
281
227
226
226
225
225
278
224
224
0
223
223
222
276
222
221
0
220
220
219
272
218
217
217
217
216
215
268
215
214
214
213
212
265
212
211
262
210
209
209
262
208
206
0
202
200
200
250
199
199
199
199
199
199
249
198
197
197
197
196
247
196
196
0
195
195
195
245
195
195
0
195
195
194
245
194
194
194
194
193
193
243
193
192
192
192
191
242
191
191
0
191
193
196
249
202
202
0
209
213
213
286
219
221
280
224
224
224
283
225
224
224
224
224
295
224
224
224
224
224
224
283
224
223
0
223
223
223
283
223
223
0
223
223
222
281
222
222
222
222
222
284
222
222
294
222
222
223
284
223
223
0
224
224
225
327
225
225
0
226
226
226
296
226
226
227
227
227
0
227
227
0
227
227
227
0
228
228
0
228
228
228
0
228
228
229
229
229
229
0
229
229
229
229
229
230
230
230
230
230
230
230
230
230
231
231
231
231
231
231
231
232
232
232
232
232
294
232
233
233
233
233
233
233
234
234
234
234
234
234
234
234
235
235
235
235
235
235
235
235
235
235
236
305
236
236
236
236
236
236
308
236
237
237
237
237
237
237
237
237
237
237
238
238
238
238
238
239
0
239
320
240
240
241
241
242
242
242
243
243
243
244
244
244
244
245
245
245
245
245
245
245
245
245
245
245
245
245
245
245
245
245
245
245
245
245
246
246
246
247
247
247
248
248
249
249
249
250
250
250
319
251
251
251
252
252
252
253
253
253
254
254
254
254
255
255
255
256
256
256
0
257
257
258
258
259
259
0
259
259
259
260
260
260
260
260
260
260
260
260
0
259
259
259
259
259
259
259
259
259
259
259
259
260
0
260
260
261
261
262
262
263
263
263
264
264
265
265
266
266
267
267
268
268
0
269
270
270
271
271
271
272
272
273
273
273
274
274
275
275
275
276
276
276
0
277
277
277
277
277
277
0
278
278
277
277
277
277
277
277
276
276
276
276
275
275
274
274
274
273
273
0
273
273
272
272
272
271
0
271
270
270
270
269
269
329
269
269
268
268
268
268
268
267
267
267
267
267
266
266
266
266
266
265
265
196
264
264
263
263
263
262
0
262
262
261
261
261
261
260
260
260
260
260
260
0
260
260
260
260
260
260
0
260
260
260
260
260
260
0
260
260
260
260
260
260
259
259
259
259
259
259
259
259
259
259
259
258
257
0
252
250
248
248
246
245
246
246
246
247
247
248
248
248
249
249
249
249
250
0
250
250
250
251
251
251
309
252
252
252
252
253
253
253
253
253
253
253
253
253
253
253
253
253
252
252
0
252
251
251
251
251
250
308
250
250
249
249
249
249
249
249
249
249
249
249
249
249
249
249
248
247
245
0
242
240
238
237
237
237
0
237
237
237
237
237
237
237
237
237
236
236
236
237
237
236
236
236
236
236
0
237
237
237
237
237
237
0
237
237
237
237
237
237
0
237
237
237
238
238
238
238
238
238
238
238
239
0
239
240
240
241
241
242
385
242
240
239
237
234
234
0
228
225
222
219
219
217
214
212
210
208
206
206
0
203
201
200
198
198
196
0
194
192
192
191
189
189
188
187
187
186
186
185
184
183
183
182
182
182
181
0
181
181
182
182
183
185
0
186
187
188
189
190
193
195
195
199
203
207
212
216
216
221
226
231
236
236
241
246
251
257
257
262
267
0
276
282
281
286
291
298
298
302
305
308
308
311
313
315
316
316
316
316
315
311
311
273
273
274
274
272
0
273
271
267
266
265
265
265
264
264
265
265
265
266
265
262
300
304
304
303
0
301
300
299
299
297
294
0
287
283
283
279
275
271
267
263
258
254
255
251
248
244
244
238
238
237
236
283
236
236
235
235
234
234
0
234
233
233
233
233
233
233
234
234
234
0
234
235
235
236
236
237
237
288
237
237
238
238
238
238
0
0
238
238
238
238
238
0
0
239
239
239
239
239
239
0
239
239
240
240
240
240
240
0
241
241
241
241
293
242
0
242
242
242
243
0
243
244
0
244
244
244
245
245
245
296
246
246
246
246
246
247
247
0
247
0
301
0
311
313
0
0
